000000000040000050000470000001000200000600030000290000000000000000000470060081000
003000000002000000000200000000000001000000000000000070000000700700040900000000020
000030604900050000080100900000701000091000040000000003000260005060080002000000000
001029000004000000002004000000000041060000007070300000530000804000000000000000300
100000050000008000704060000400020000000000000000400000500000000000000067000106800
040800090000000000000002000000000007000005200002000000000300000000001000000000002
000006900000040500200089047600130000051800000040000000000090000000000000000000000
004000006000700000000000000000000000000000460300065000000000005000008000200000000
900400000600001900000000450000000000000002040000000006000000020400050000009000000
000000600050004003000073004068000001020010700100000000000000000000000040900000000
000000004320000009000000007000980400000060950000000000000000000170050000000020000
040085300000000700070009600000000000000000180000000000008000000500300200002948060
004090008090000030003020000000000000020000000006500000000000090700000100002105040
500408000000003000000000000000800000000700000010000000000000800005000000000500000
000000500000000000090000002200000004000009000008000000000000000000001006000700000
000004100009070032000000000000000401000207000000000000000000000000000000000003000
000050010620000000000000000000100000000000001000000000306000080000000000100000000
000000000060100000000080000030090100050000000900010000080003000400000070070040260
000500000089000000060000203023079805070000030000015000000000000000030000000006000
000005030000807000000900070000000000600000000030000000005000000000000000004002000
007000040000000000000940000905000000003600000000009000890000710504038009000000000
000709001060800000000002000000000000000000000000076000100000006006000070000000000
002706900000090000007050000200000000000000000506003008090000400000000000000045010
000900000060000400000040000507800300600050000000000001000500080900000000000002009
000400000000020000000000701600090000053000000000000000009600000000000000006100800
000006004000000000680000000170000008860000020000080000000000037030000000000000800
000000000000000010000030070409000700000000000000090400000000000700000000000000030
010209000000000000004000000000000200000000703070000000006000002000000000000001000
000009000200000300000300000600050090050000000400000000000000000000000008140000002
000007450700000003010000080020004000000000000000000690501000040900000010000000030
030400000000000000000800000005009700000000038000600000070000003082905000000000000
070058000090007000008006000060000005002300008030005004600000000007000000003000000
750200000000530026000000500800000000509000000010000003000600040000001035000000010
000020000000000700000000000000700000760000050000000020004006000000000070000509000
008030000000000006002060000000000600000000000020080000000005000050000004000000000
009000000000010000070040000058000001600002000000000000700000000100000008000000000
000500000000000000060008000000800000000020070000000902000000000080005000050000000
806000000100000006000000000005090007000040002000000000000060000000080000000000000
000000050010000000029000040001000000030007000500021003000010002050000900090600010
000000000000000607000000001009000000002000040700200000000009000000000006000300090
000000010000000000200300000040070000000000000000000050910060008070058600004000000
000000400600000031300009000820000006000005180000000000030010000002000700000000000
000000001000000600000000000401000000500601400000007000000000000020060000000002008
000000000000000000190000500005004000000000000000001000001000200000013000000700000
000004000700000200000000905009000040100000000000800000006093020000000030030500000
050080000000700200000000000200000000700001000000200000000800000040000000000000000
000000060800300000000400000000008000000000000000900000400500001000800002052000000
000000000000000002750010000000000607006000000000000080000020000000000008000000000
000050800000000000000000001000002000003400600060500000000000000057000000000000050
000000208000000000009000000000000000000005730000100004000080000008000050000000000
070005000000000000000000200800001060000000007000000000000060000000000080000040000
000020450000800000000009000050000010070001000008000070000500036700000040090100000
000000000000000000000000000000300000087000600102006000000000009010000000000090060
001000002000020000003000000090800000000100003000000060000090528000000000000000000
000000000000002000000000180000000000000070003000000900900000006000000000000429000
000085003000003070090000040008057002000090500000000400006000001000000600000000300
900000080000000000001009000000027800070000003005000001000000096000000208010070400
920000000508037000000200000200080000040300006000000000002000010000070000710005030
000007409009000000000000000040000800000600090010000005000050000060004000000003000
000000400000090800009080300000200000000010000120056000080004200071000900000002050
009004050000000000000000000000000004300000080090170030010908420500000000000000018
000000200000005400000300000000070580080000000000600000006050000050009000090060000
200004700000000006000060000070000500000000000000000002020400908700080000100000004
000000000000061000007000000009500000000000009400300000700000000000000096023000000
020000300000020004000000000000000040000000000000000200010000000000039000000060000
000000000000067080100000024000010000000000090000000000005040000000000240009080000
000300700002000004800000000000000007000059400200003000017000000000000005000000002
000000000020004000400030000703100400000005000050060700000000005030600007000000001
000540000080001690007002000090070000000004700001906000000000801000000070000000000
030002500608030000007000940406000000300000002001008000000900000000000000000000000
809030060120000034000000800002000000000090100004000000000010000000500600006000308
800301000006000508003000000035000000002100000000090000060200100000000407000000000
000003000003000050200060100700000000000006000940000000000000004000010000000700090
000000000800020000000000000000000090000000340000000080000400600400800070300000000
050000000096072000000000000005000900000089003070000000000003400038400600000000000
000000000000000003080300000906010005000000006000000002000002000000000800000000000
000000700000000000000040609020600000050000000600003000100480200500700000000200000
000000000073004000000000000060000000000009000031060900090020600810005030002041000
000817000000090000040520910000030200000000000000700000204005007000000000000009002
000020000000000080100000000000064000020000000000000000000000004700050100009000000
050000000000003001000700020000000019000060000902004706080000090000000000000052000
000070300000000000500400000000003980000000000000000000000020100000000005000000000
000080000000003007050700300000900000000000601000006000000009000000200050002000000
000000140809000020200000000000050000080170000500000009030000700000000000000000200
000000000007000030600000800000000006000000051080500000000000008500040700000370000
007060020000530100000000070008000000000000000030200009000700200600000700900000000
000050400008000690100000008000003000004009000350010000700000040000000000090020000
800060004064000000020005000000020000000800000100000050000000002600100047500000000
000004000090000800000000005000000098001000500000500007000001604000000000400250300
000000000000000000001300090090000007000000950060004000000006700530000000000000340
001500000000230600000000000000000500800003000050000000000000000000000005000000000
000000280000000070020000095300100700002000040000008000007050001010900400000010020
000300042000000000400000000620005000090000010000000000000000070010000004006108200
002100000000000200000900357760050040000000800000070690000800000000005000000000060
000050000000007900500000000043002009000400007900000040000000500017000000000000000
000030000009020000000000005000010000030067000000500000000000000600000000300000000
000000000000050100000008070000000000800103700000609030070006000000004900106000000
000080000000030040000000600004000305900070010080000000000600030300200000000000090
000004000900000000060090000030000000007000200000000100010003005000007002000000000
000030080100900000000076001000000405000000700000000836000105090009800002000000008
